{
 "cells": [
  {
   "cell_type": "markdown",
   "metadata": {},
   "source": [
    "### 1. Importing Data from Data Wrangling Step"
   ]
  },
  {
   "cell_type": "code",
   "execution_count": 9,
   "metadata": {},
   "outputs": [
    {
     "data": {
      "text/html": [
       "<div>\n",
       "<style scoped>\n",
       "    .dataframe tbody tr th:only-of-type {\n",
       "        vertical-align: middle;\n",
       "    }\n",
       "\n",
       "    .dataframe tbody tr th {\n",
       "        vertical-align: top;\n",
       "    }\n",
       "\n",
       "    .dataframe thead th {\n",
       "        text-align: right;\n",
       "    }\n",
       "</style>\n",
       "<table border=\"1\" class=\"dataframe\">\n",
       "  <thead>\n",
       "    <tr style=\"text-align: right;\">\n",
       "      <th></th>\n",
       "      <th>symboling</th>\n",
       "      <th>normalized-losses</th>\n",
       "      <th>make</th>\n",
       "      <th>num-of-doors</th>\n",
       "      <th>body-style</th>\n",
       "      <th>drive-wheels</th>\n",
       "      <th>engine-location</th>\n",
       "      <th>wheel-base</th>\n",
       "      <th>length</th>\n",
       "      <th>width</th>\n",
       "      <th>...</th>\n",
       "      <th>compression-ratio</th>\n",
       "      <th>horsepower</th>\n",
       "      <th>peak-rpm</th>\n",
       "      <th>city-mpg</th>\n",
       "      <th>highway-mpg</th>\n",
       "      <th>price</th>\n",
       "      <th>fuel-type-diesel</th>\n",
       "      <th>fuel-type-gas</th>\n",
       "      <th>aspiration-std</th>\n",
       "      <th>aspiration-turbo</th>\n",
       "    </tr>\n",
       "  </thead>\n",
       "  <tbody>\n",
       "    <tr>\n",
       "      <th>0</th>\n",
       "      <td>3</td>\n",
       "      <td>122.0</td>\n",
       "      <td>alfa-romero</td>\n",
       "      <td>two</td>\n",
       "      <td>convertible</td>\n",
       "      <td>rwd</td>\n",
       "      <td>front</td>\n",
       "      <td>88.6</td>\n",
       "      <td>0.811148</td>\n",
       "      <td>0.890278</td>\n",
       "      <td>...</td>\n",
       "      <td>9.0</td>\n",
       "      <td>low</td>\n",
       "      <td>5000.0</td>\n",
       "      <td>21</td>\n",
       "      <td>27</td>\n",
       "      <td>13495.0</td>\n",
       "      <td>0</td>\n",
       "      <td>1</td>\n",
       "      <td>1</td>\n",
       "      <td>0</td>\n",
       "    </tr>\n",
       "    <tr>\n",
       "      <th>1</th>\n",
       "      <td>3</td>\n",
       "      <td>122.0</td>\n",
       "      <td>alfa-romero</td>\n",
       "      <td>two</td>\n",
       "      <td>convertible</td>\n",
       "      <td>rwd</td>\n",
       "      <td>front</td>\n",
       "      <td>88.6</td>\n",
       "      <td>0.811148</td>\n",
       "      <td>0.890278</td>\n",
       "      <td>...</td>\n",
       "      <td>9.0</td>\n",
       "      <td>low</td>\n",
       "      <td>5000.0</td>\n",
       "      <td>21</td>\n",
       "      <td>27</td>\n",
       "      <td>16500.0</td>\n",
       "      <td>0</td>\n",
       "      <td>1</td>\n",
       "      <td>1</td>\n",
       "      <td>0</td>\n",
       "    </tr>\n",
       "    <tr>\n",
       "      <th>2</th>\n",
       "      <td>1</td>\n",
       "      <td>122.0</td>\n",
       "      <td>alfa-romero</td>\n",
       "      <td>two</td>\n",
       "      <td>hatchback</td>\n",
       "      <td>rwd</td>\n",
       "      <td>front</td>\n",
       "      <td>94.5</td>\n",
       "      <td>0.822681</td>\n",
       "      <td>0.909722</td>\n",
       "      <td>...</td>\n",
       "      <td>9.0</td>\n",
       "      <td>medium</td>\n",
       "      <td>5000.0</td>\n",
       "      <td>19</td>\n",
       "      <td>26</td>\n",
       "      <td>16500.0</td>\n",
       "      <td>0</td>\n",
       "      <td>1</td>\n",
       "      <td>1</td>\n",
       "      <td>0</td>\n",
       "    </tr>\n",
       "    <tr>\n",
       "      <th>3</th>\n",
       "      <td>2</td>\n",
       "      <td>164.0</td>\n",
       "      <td>audi</td>\n",
       "      <td>four</td>\n",
       "      <td>sedan</td>\n",
       "      <td>fwd</td>\n",
       "      <td>front</td>\n",
       "      <td>99.8</td>\n",
       "      <td>0.848630</td>\n",
       "      <td>0.919444</td>\n",
       "      <td>...</td>\n",
       "      <td>10.0</td>\n",
       "      <td>low</td>\n",
       "      <td>5500.0</td>\n",
       "      <td>24</td>\n",
       "      <td>30</td>\n",
       "      <td>13950.0</td>\n",
       "      <td>0</td>\n",
       "      <td>1</td>\n",
       "      <td>1</td>\n",
       "      <td>0</td>\n",
       "    </tr>\n",
       "    <tr>\n",
       "      <th>4</th>\n",
       "      <td>2</td>\n",
       "      <td>164.0</td>\n",
       "      <td>audi</td>\n",
       "      <td>four</td>\n",
       "      <td>sedan</td>\n",
       "      <td>4wd</td>\n",
       "      <td>front</td>\n",
       "      <td>99.4</td>\n",
       "      <td>0.848630</td>\n",
       "      <td>0.922222</td>\n",
       "      <td>...</td>\n",
       "      <td>8.0</td>\n",
       "      <td>low</td>\n",
       "      <td>5500.0</td>\n",
       "      <td>18</td>\n",
       "      <td>22</td>\n",
       "      <td>17450.0</td>\n",
       "      <td>0</td>\n",
       "      <td>1</td>\n",
       "      <td>1</td>\n",
       "      <td>0</td>\n",
       "    </tr>\n",
       "  </tbody>\n",
       "</table>\n",
       "<p>5 rows × 28 columns</p>\n",
       "</div>"
      ],
      "text/plain": [
       "   symboling  normalized-losses         make num-of-doors   body-style  \\\n",
       "0          3              122.0  alfa-romero          two  convertible   \n",
       "1          3              122.0  alfa-romero          two  convertible   \n",
       "2          1              122.0  alfa-romero          two    hatchback   \n",
       "3          2              164.0         audi         four        sedan   \n",
       "4          2              164.0         audi         four        sedan   \n",
       "\n",
       "  drive-wheels engine-location  wheel-base    length     width  ...  \\\n",
       "0          rwd           front        88.6  0.811148  0.890278  ...   \n",
       "1          rwd           front        88.6  0.811148  0.890278  ...   \n",
       "2          rwd           front        94.5  0.822681  0.909722  ...   \n",
       "3          fwd           front        99.8  0.848630  0.919444  ...   \n",
       "4          4wd           front        99.4  0.848630  0.922222  ...   \n",
       "\n",
       "   compression-ratio  horsepower peak-rpm city-mpg  highway-mpg    price  \\\n",
       "0                9.0         low   5000.0       21           27  13495.0   \n",
       "1                9.0         low   5000.0       21           27  16500.0   \n",
       "2                9.0      medium   5000.0       19           26  16500.0   \n",
       "3               10.0         low   5500.0       24           30  13950.0   \n",
       "4                8.0         low   5500.0       18           22  17450.0   \n",
       "\n",
       "   fuel-type-diesel  fuel-type-gas  aspiration-std aspiration-turbo  \n",
       "0                 0              1               1                0  \n",
       "1                 0              1               1                0  \n",
       "2                 0              1               1                0  \n",
       "3                 0              1               1                0  \n",
       "4                 0              1               1                0  \n",
       "\n",
       "[5 rows x 28 columns]"
      ]
     },
     "execution_count": 9,
     "metadata": {},
     "output_type": "execute_result"
    }
   ],
   "source": [
    "# Importing the required library and load the clean data set\n",
    "import pandas as pd\n",
    "import numpy as np\n",
    "import matplotlib.pyplot as plt\n",
    "import os\n",
    "import seaborn as sns\n",
    "%matplotlib inline\n",
    "\n",
    "parentDirectory = os.path.abspath(os.path.join(os.getcwd(), os.pardir))\n",
    "filePath = os.path.join(parentDirectory,'data','auto85_clean.csv')\n",
    "dfAuto = pd.read_csv(filePath)\n",
    "dfAuto.head()"
   ]
  },
  {
   "cell_type": "markdown",
   "metadata": {},
   "source": [
    "### 2. Identifying/Analyzing patterns"
   ]
  },
  {
   "cell_type": "code",
   "execution_count": 10,
   "metadata": {},
   "outputs": [
    {
     "data": {
      "text/html": [
       "<div>\n",
       "<style scoped>\n",
       "    .dataframe tbody tr th:only-of-type {\n",
       "        vertical-align: middle;\n",
       "    }\n",
       "\n",
       "    .dataframe tbody tr th {\n",
       "        vertical-align: top;\n",
       "    }\n",
       "\n",
       "    .dataframe thead th {\n",
       "        text-align: right;\n",
       "    }\n",
       "</style>\n",
       "<table border=\"1\" class=\"dataframe\">\n",
       "  <thead>\n",
       "    <tr style=\"text-align: right;\">\n",
       "      <th></th>\n",
       "      <th>symboling</th>\n",
       "      <th>normalized-losses</th>\n",
       "      <th>wheel-base</th>\n",
       "      <th>length</th>\n",
       "      <th>width</th>\n",
       "      <th>height</th>\n",
       "      <th>curb-weight</th>\n",
       "      <th>engine-size</th>\n",
       "      <th>bore</th>\n",
       "      <th>stroke</th>\n",
       "      <th>compression-ratio</th>\n",
       "      <th>peak-rpm</th>\n",
       "      <th>city-mpg</th>\n",
       "      <th>highway-mpg</th>\n",
       "      <th>price</th>\n",
       "      <th>fuel-type-diesel</th>\n",
       "      <th>fuel-type-gas</th>\n",
       "      <th>aspiration-std</th>\n",
       "      <th>aspiration-turbo</th>\n",
       "    </tr>\n",
       "  </thead>\n",
       "  <tbody>\n",
       "    <tr>\n",
       "      <th>symboling</th>\n",
       "      <td>1.000000</td>\n",
       "      <td>0.466264</td>\n",
       "      <td>-0.535987</td>\n",
       "      <td>-0.365404</td>\n",
       "      <td>-0.242423</td>\n",
       "      <td>-0.550160</td>\n",
       "      <td>-0.233118</td>\n",
       "      <td>-0.110581</td>\n",
       "      <td>-0.139896</td>\n",
       "      <td>-0.007992</td>\n",
       "      <td>-0.182196</td>\n",
       "      <td>0.279719</td>\n",
       "      <td>-0.035527</td>\n",
       "      <td>0.036233</td>\n",
       "      <td>-0.082391</td>\n",
       "      <td>-0.196735</td>\n",
       "      <td>0.196735</td>\n",
       "      <td>0.054615</td>\n",
       "      <td>-0.054615</td>\n",
       "    </tr>\n",
       "    <tr>\n",
       "      <th>normalized-losses</th>\n",
       "      <td>0.466264</td>\n",
       "      <td>1.000000</td>\n",
       "      <td>-0.056661</td>\n",
       "      <td>0.019424</td>\n",
       "      <td>0.086802</td>\n",
       "      <td>-0.373737</td>\n",
       "      <td>0.099404</td>\n",
       "      <td>0.112360</td>\n",
       "      <td>-0.029800</td>\n",
       "      <td>0.055127</td>\n",
       "      <td>-0.114713</td>\n",
       "      <td>0.239544</td>\n",
       "      <td>-0.225016</td>\n",
       "      <td>-0.181877</td>\n",
       "      <td>0.133999</td>\n",
       "      <td>-0.101546</td>\n",
       "      <td>0.101546</td>\n",
       "      <td>0.006911</td>\n",
       "      <td>-0.006911</td>\n",
       "    </tr>\n",
       "    <tr>\n",
       "      <th>wheel-base</th>\n",
       "      <td>-0.535987</td>\n",
       "      <td>-0.056661</td>\n",
       "      <td>1.000000</td>\n",
       "      <td>0.876024</td>\n",
       "      <td>0.814507</td>\n",
       "      <td>0.590742</td>\n",
       "      <td>0.782097</td>\n",
       "      <td>0.572027</td>\n",
       "      <td>0.493203</td>\n",
       "      <td>0.157964</td>\n",
       "      <td>0.250313</td>\n",
       "      <td>-0.360233</td>\n",
       "      <td>-0.470606</td>\n",
       "      <td>-0.543304</td>\n",
       "      <td>0.584642</td>\n",
       "      <td>0.307237</td>\n",
       "      <td>-0.307237</td>\n",
       "      <td>-0.256889</td>\n",
       "      <td>0.256889</td>\n",
       "    </tr>\n",
       "    <tr>\n",
       "      <th>length</th>\n",
       "      <td>-0.365404</td>\n",
       "      <td>0.019424</td>\n",
       "      <td>0.876024</td>\n",
       "      <td>1.000000</td>\n",
       "      <td>0.857170</td>\n",
       "      <td>0.492063</td>\n",
       "      <td>0.880665</td>\n",
       "      <td>0.685025</td>\n",
       "      <td>0.608941</td>\n",
       "      <td>0.123913</td>\n",
       "      <td>0.159733</td>\n",
       "      <td>-0.286035</td>\n",
       "      <td>-0.665192</td>\n",
       "      <td>-0.698142</td>\n",
       "      <td>0.690628</td>\n",
       "      <td>0.211187</td>\n",
       "      <td>-0.211187</td>\n",
       "      <td>-0.230085</td>\n",
       "      <td>0.230085</td>\n",
       "    </tr>\n",
       "    <tr>\n",
       "      <th>width</th>\n",
       "      <td>-0.242423</td>\n",
       "      <td>0.086802</td>\n",
       "      <td>0.814507</td>\n",
       "      <td>0.857170</td>\n",
       "      <td>1.000000</td>\n",
       "      <td>0.306002</td>\n",
       "      <td>0.866201</td>\n",
       "      <td>0.729436</td>\n",
       "      <td>0.544879</td>\n",
       "      <td>0.188814</td>\n",
       "      <td>0.189867</td>\n",
       "      <td>-0.245852</td>\n",
       "      <td>-0.633531</td>\n",
       "      <td>-0.680635</td>\n",
       "      <td>0.751265</td>\n",
       "      <td>0.244356</td>\n",
       "      <td>-0.244356</td>\n",
       "      <td>-0.305732</td>\n",
       "      <td>0.305732</td>\n",
       "    </tr>\n",
       "    <tr>\n",
       "      <th>height</th>\n",
       "      <td>-0.550160</td>\n",
       "      <td>-0.373737</td>\n",
       "      <td>0.590742</td>\n",
       "      <td>0.492063</td>\n",
       "      <td>0.306002</td>\n",
       "      <td>1.000000</td>\n",
       "      <td>0.307581</td>\n",
       "      <td>0.074694</td>\n",
       "      <td>0.180327</td>\n",
       "      <td>-0.060822</td>\n",
       "      <td>0.259737</td>\n",
       "      <td>-0.309913</td>\n",
       "      <td>-0.049800</td>\n",
       "      <td>-0.104812</td>\n",
       "      <td>0.135486</td>\n",
       "      <td>0.281578</td>\n",
       "      <td>-0.281578</td>\n",
       "      <td>-0.090336</td>\n",
       "      <td>0.090336</td>\n",
       "    </tr>\n",
       "    <tr>\n",
       "      <th>curb-weight</th>\n",
       "      <td>-0.233118</td>\n",
       "      <td>0.099404</td>\n",
       "      <td>0.782097</td>\n",
       "      <td>0.880665</td>\n",
       "      <td>0.866201</td>\n",
       "      <td>0.307581</td>\n",
       "      <td>1.000000</td>\n",
       "      <td>0.849072</td>\n",
       "      <td>0.644041</td>\n",
       "      <td>0.167412</td>\n",
       "      <td>0.156433</td>\n",
       "      <td>-0.279350</td>\n",
       "      <td>-0.749543</td>\n",
       "      <td>-0.794889</td>\n",
       "      <td>0.834415</td>\n",
       "      <td>0.221046</td>\n",
       "      <td>-0.221046</td>\n",
       "      <td>-0.321955</td>\n",
       "      <td>0.321955</td>\n",
       "    </tr>\n",
       "    <tr>\n",
       "      <th>engine-size</th>\n",
       "      <td>-0.110581</td>\n",
       "      <td>0.112360</td>\n",
       "      <td>0.572027</td>\n",
       "      <td>0.685025</td>\n",
       "      <td>0.729436</td>\n",
       "      <td>0.074694</td>\n",
       "      <td>0.849072</td>\n",
       "      <td>1.000000</td>\n",
       "      <td>0.572516</td>\n",
       "      <td>0.205806</td>\n",
       "      <td>0.028889</td>\n",
       "      <td>-0.256753</td>\n",
       "      <td>-0.650546</td>\n",
       "      <td>-0.679571</td>\n",
       "      <td>0.872335</td>\n",
       "      <td>0.070779</td>\n",
       "      <td>-0.070779</td>\n",
       "      <td>-0.110040</td>\n",
       "      <td>0.110040</td>\n",
       "    </tr>\n",
       "    <tr>\n",
       "      <th>bore</th>\n",
       "      <td>-0.139896</td>\n",
       "      <td>-0.029800</td>\n",
       "      <td>0.493203</td>\n",
       "      <td>0.608941</td>\n",
       "      <td>0.544879</td>\n",
       "      <td>0.180327</td>\n",
       "      <td>0.644041</td>\n",
       "      <td>0.572516</td>\n",
       "      <td>1.000000</td>\n",
       "      <td>-0.055390</td>\n",
       "      <td>0.001250</td>\n",
       "      <td>-0.267338</td>\n",
       "      <td>-0.582121</td>\n",
       "      <td>-0.591390</td>\n",
       "      <td>0.543154</td>\n",
       "      <td>0.054435</td>\n",
       "      <td>-0.054435</td>\n",
       "      <td>-0.227782</td>\n",
       "      <td>0.227782</td>\n",
       "    </tr>\n",
       "    <tr>\n",
       "      <th>stroke</th>\n",
       "      <td>-0.007992</td>\n",
       "      <td>0.055127</td>\n",
       "      <td>0.157964</td>\n",
       "      <td>0.123913</td>\n",
       "      <td>0.188814</td>\n",
       "      <td>-0.060822</td>\n",
       "      <td>0.167412</td>\n",
       "      <td>0.205806</td>\n",
       "      <td>-0.055390</td>\n",
       "      <td>1.000000</td>\n",
       "      <td>0.187854</td>\n",
       "      <td>-0.063720</td>\n",
       "      <td>-0.034079</td>\n",
       "      <td>-0.034741</td>\n",
       "      <td>0.082267</td>\n",
       "      <td>0.241033</td>\n",
       "      <td>-0.241033</td>\n",
       "      <td>-0.218190</td>\n",
       "      <td>0.218190</td>\n",
       "    </tr>\n",
       "    <tr>\n",
       "      <th>compression-ratio</th>\n",
       "      <td>-0.182196</td>\n",
       "      <td>-0.114713</td>\n",
       "      <td>0.250313</td>\n",
       "      <td>0.159733</td>\n",
       "      <td>0.189867</td>\n",
       "      <td>0.259737</td>\n",
       "      <td>0.156433</td>\n",
       "      <td>0.028889</td>\n",
       "      <td>0.001250</td>\n",
       "      <td>0.187854</td>\n",
       "      <td>1.000000</td>\n",
       "      <td>-0.435721</td>\n",
       "      <td>0.331425</td>\n",
       "      <td>0.268465</td>\n",
       "      <td>0.071107</td>\n",
       "      <td>0.985231</td>\n",
       "      <td>-0.985231</td>\n",
       "      <td>-0.307522</td>\n",
       "      <td>0.307522</td>\n",
       "    </tr>\n",
       "    <tr>\n",
       "      <th>peak-rpm</th>\n",
       "      <td>0.279719</td>\n",
       "      <td>0.239544</td>\n",
       "      <td>-0.360233</td>\n",
       "      <td>-0.286035</td>\n",
       "      <td>-0.245852</td>\n",
       "      <td>-0.309913</td>\n",
       "      <td>-0.279350</td>\n",
       "      <td>-0.256753</td>\n",
       "      <td>-0.267338</td>\n",
       "      <td>-0.063720</td>\n",
       "      <td>-0.435721</td>\n",
       "      <td>1.000000</td>\n",
       "      <td>-0.115358</td>\n",
       "      <td>-0.058605</td>\n",
       "      <td>-0.101542</td>\n",
       "      <td>-0.475759</td>\n",
       "      <td>0.475759</td>\n",
       "      <td>0.189982</td>\n",
       "      <td>-0.189982</td>\n",
       "    </tr>\n",
       "    <tr>\n",
       "      <th>city-mpg</th>\n",
       "      <td>-0.035527</td>\n",
       "      <td>-0.225016</td>\n",
       "      <td>-0.470606</td>\n",
       "      <td>-0.665192</td>\n",
       "      <td>-0.633531</td>\n",
       "      <td>-0.049800</td>\n",
       "      <td>-0.749543</td>\n",
       "      <td>-0.650546</td>\n",
       "      <td>-0.582121</td>\n",
       "      <td>-0.034079</td>\n",
       "      <td>0.331425</td>\n",
       "      <td>-0.115358</td>\n",
       "      <td>1.000000</td>\n",
       "      <td>0.972044</td>\n",
       "      <td>-0.686571</td>\n",
       "      <td>0.265676</td>\n",
       "      <td>-0.265676</td>\n",
       "      <td>0.189237</td>\n",
       "      <td>-0.189237</td>\n",
       "    </tr>\n",
       "    <tr>\n",
       "      <th>highway-mpg</th>\n",
       "      <td>0.036233</td>\n",
       "      <td>-0.181877</td>\n",
       "      <td>-0.543304</td>\n",
       "      <td>-0.698142</td>\n",
       "      <td>-0.680635</td>\n",
       "      <td>-0.104812</td>\n",
       "      <td>-0.794889</td>\n",
       "      <td>-0.679571</td>\n",
       "      <td>-0.591390</td>\n",
       "      <td>-0.034741</td>\n",
       "      <td>0.268465</td>\n",
       "      <td>-0.058605</td>\n",
       "      <td>0.972044</td>\n",
       "      <td>1.000000</td>\n",
       "      <td>-0.704692</td>\n",
       "      <td>0.198690</td>\n",
       "      <td>-0.198690</td>\n",
       "      <td>0.241851</td>\n",
       "      <td>-0.241851</td>\n",
       "    </tr>\n",
       "    <tr>\n",
       "      <th>price</th>\n",
       "      <td>-0.082391</td>\n",
       "      <td>0.133999</td>\n",
       "      <td>0.584642</td>\n",
       "      <td>0.690628</td>\n",
       "      <td>0.751265</td>\n",
       "      <td>0.135486</td>\n",
       "      <td>0.834415</td>\n",
       "      <td>0.872335</td>\n",
       "      <td>0.543154</td>\n",
       "      <td>0.082267</td>\n",
       "      <td>0.071107</td>\n",
       "      <td>-0.101542</td>\n",
       "      <td>-0.686571</td>\n",
       "      <td>-0.704692</td>\n",
       "      <td>1.000000</td>\n",
       "      <td>0.110326</td>\n",
       "      <td>-0.110326</td>\n",
       "      <td>-0.179578</td>\n",
       "      <td>0.179578</td>\n",
       "    </tr>\n",
       "    <tr>\n",
       "      <th>fuel-type-diesel</th>\n",
       "      <td>-0.196735</td>\n",
       "      <td>-0.101546</td>\n",
       "      <td>0.307237</td>\n",
       "      <td>0.211187</td>\n",
       "      <td>0.244356</td>\n",
       "      <td>0.281578</td>\n",
       "      <td>0.221046</td>\n",
       "      <td>0.070779</td>\n",
       "      <td>0.054435</td>\n",
       "      <td>0.241033</td>\n",
       "      <td>0.985231</td>\n",
       "      <td>-0.475759</td>\n",
       "      <td>0.265676</td>\n",
       "      <td>0.198690</td>\n",
       "      <td>0.110326</td>\n",
       "      <td>1.000000</td>\n",
       "      <td>-1.000000</td>\n",
       "      <td>-0.408228</td>\n",
       "      <td>0.408228</td>\n",
       "    </tr>\n",
       "    <tr>\n",
       "      <th>fuel-type-gas</th>\n",
       "      <td>0.196735</td>\n",
       "      <td>0.101546</td>\n",
       "      <td>-0.307237</td>\n",
       "      <td>-0.211187</td>\n",
       "      <td>-0.244356</td>\n",
       "      <td>-0.281578</td>\n",
       "      <td>-0.221046</td>\n",
       "      <td>-0.070779</td>\n",
       "      <td>-0.054435</td>\n",
       "      <td>-0.241033</td>\n",
       "      <td>-0.985231</td>\n",
       "      <td>0.475759</td>\n",
       "      <td>-0.265676</td>\n",
       "      <td>-0.198690</td>\n",
       "      <td>-0.110326</td>\n",
       "      <td>-1.000000</td>\n",
       "      <td>1.000000</td>\n",
       "      <td>0.408228</td>\n",
       "      <td>-0.408228</td>\n",
       "    </tr>\n",
       "    <tr>\n",
       "      <th>aspiration-std</th>\n",
       "      <td>0.054615</td>\n",
       "      <td>0.006911</td>\n",
       "      <td>-0.256889</td>\n",
       "      <td>-0.230085</td>\n",
       "      <td>-0.305732</td>\n",
       "      <td>-0.090336</td>\n",
       "      <td>-0.321955</td>\n",
       "      <td>-0.110040</td>\n",
       "      <td>-0.227782</td>\n",
       "      <td>-0.218190</td>\n",
       "      <td>-0.307522</td>\n",
       "      <td>0.189982</td>\n",
       "      <td>0.189237</td>\n",
       "      <td>0.241851</td>\n",
       "      <td>-0.179578</td>\n",
       "      <td>-0.408228</td>\n",
       "      <td>0.408228</td>\n",
       "      <td>1.000000</td>\n",
       "      <td>-1.000000</td>\n",
       "    </tr>\n",
       "    <tr>\n",
       "      <th>aspiration-turbo</th>\n",
       "      <td>-0.054615</td>\n",
       "      <td>-0.006911</td>\n",
       "      <td>0.256889</td>\n",
       "      <td>0.230085</td>\n",
       "      <td>0.305732</td>\n",
       "      <td>0.090336</td>\n",
       "      <td>0.321955</td>\n",
       "      <td>0.110040</td>\n",
       "      <td>0.227782</td>\n",
       "      <td>0.218190</td>\n",
       "      <td>0.307522</td>\n",
       "      <td>-0.189982</td>\n",
       "      <td>-0.189237</td>\n",
       "      <td>-0.241851</td>\n",
       "      <td>0.179578</td>\n",
       "      <td>0.408228</td>\n",
       "      <td>-0.408228</td>\n",
       "      <td>-1.000000</td>\n",
       "      <td>1.000000</td>\n",
       "    </tr>\n",
       "  </tbody>\n",
       "</table>\n",
       "</div>"
      ],
      "text/plain": [
       "                   symboling  normalized-losses  wheel-base    length  \\\n",
       "symboling           1.000000           0.466264   -0.535987 -0.365404   \n",
       "normalized-losses   0.466264           1.000000   -0.056661  0.019424   \n",
       "wheel-base         -0.535987          -0.056661    1.000000  0.876024   \n",
       "length             -0.365404           0.019424    0.876024  1.000000   \n",
       "width              -0.242423           0.086802    0.814507  0.857170   \n",
       "height             -0.550160          -0.373737    0.590742  0.492063   \n",
       "curb-weight        -0.233118           0.099404    0.782097  0.880665   \n",
       "engine-size        -0.110581           0.112360    0.572027  0.685025   \n",
       "bore               -0.139896          -0.029800    0.493203  0.608941   \n",
       "stroke             -0.007992           0.055127    0.157964  0.123913   \n",
       "compression-ratio  -0.182196          -0.114713    0.250313  0.159733   \n",
       "peak-rpm            0.279719           0.239544   -0.360233 -0.286035   \n",
       "city-mpg           -0.035527          -0.225016   -0.470606 -0.665192   \n",
       "highway-mpg         0.036233          -0.181877   -0.543304 -0.698142   \n",
       "price              -0.082391           0.133999    0.584642  0.690628   \n",
       "fuel-type-diesel   -0.196735          -0.101546    0.307237  0.211187   \n",
       "fuel-type-gas       0.196735           0.101546   -0.307237 -0.211187   \n",
       "aspiration-std      0.054615           0.006911   -0.256889 -0.230085   \n",
       "aspiration-turbo   -0.054615          -0.006911    0.256889  0.230085   \n",
       "\n",
       "                      width    height  curb-weight  engine-size      bore  \\\n",
       "symboling         -0.242423 -0.550160    -0.233118    -0.110581 -0.139896   \n",
       "normalized-losses  0.086802 -0.373737     0.099404     0.112360 -0.029800   \n",
       "wheel-base         0.814507  0.590742     0.782097     0.572027  0.493203   \n",
       "length             0.857170  0.492063     0.880665     0.685025  0.608941   \n",
       "width              1.000000  0.306002     0.866201     0.729436  0.544879   \n",
       "height             0.306002  1.000000     0.307581     0.074694  0.180327   \n",
       "curb-weight        0.866201  0.307581     1.000000     0.849072  0.644041   \n",
       "engine-size        0.729436  0.074694     0.849072     1.000000  0.572516   \n",
       "bore               0.544879  0.180327     0.644041     0.572516  1.000000   \n",
       "stroke             0.188814 -0.060822     0.167412     0.205806 -0.055390   \n",
       "compression-ratio  0.189867  0.259737     0.156433     0.028889  0.001250   \n",
       "peak-rpm          -0.245852 -0.309913    -0.279350    -0.256753 -0.267338   \n",
       "city-mpg          -0.633531 -0.049800    -0.749543    -0.650546 -0.582121   \n",
       "highway-mpg       -0.680635 -0.104812    -0.794889    -0.679571 -0.591390   \n",
       "price              0.751265  0.135486     0.834415     0.872335  0.543154   \n",
       "fuel-type-diesel   0.244356  0.281578     0.221046     0.070779  0.054435   \n",
       "fuel-type-gas     -0.244356 -0.281578    -0.221046    -0.070779 -0.054435   \n",
       "aspiration-std    -0.305732 -0.090336    -0.321955    -0.110040 -0.227782   \n",
       "aspiration-turbo   0.305732  0.090336     0.321955     0.110040  0.227782   \n",
       "\n",
       "                     stroke  compression-ratio  peak-rpm  city-mpg  \\\n",
       "symboling         -0.007992          -0.182196  0.279719 -0.035527   \n",
       "normalized-losses  0.055127          -0.114713  0.239544 -0.225016   \n",
       "wheel-base         0.157964           0.250313 -0.360233 -0.470606   \n",
       "length             0.123913           0.159733 -0.286035 -0.665192   \n",
       "width              0.188814           0.189867 -0.245852 -0.633531   \n",
       "height            -0.060822           0.259737 -0.309913 -0.049800   \n",
       "curb-weight        0.167412           0.156433 -0.279350 -0.749543   \n",
       "engine-size        0.205806           0.028889 -0.256753 -0.650546   \n",
       "bore              -0.055390           0.001250 -0.267338 -0.582121   \n",
       "stroke             1.000000           0.187854 -0.063720 -0.034079   \n",
       "compression-ratio  0.187854           1.000000 -0.435721  0.331425   \n",
       "peak-rpm          -0.063720          -0.435721  1.000000 -0.115358   \n",
       "city-mpg          -0.034079           0.331425 -0.115358  1.000000   \n",
       "highway-mpg       -0.034741           0.268465 -0.058605  0.972044   \n",
       "price              0.082267           0.071107 -0.101542 -0.686571   \n",
       "fuel-type-diesel   0.241033           0.985231 -0.475759  0.265676   \n",
       "fuel-type-gas     -0.241033          -0.985231  0.475759 -0.265676   \n",
       "aspiration-std    -0.218190          -0.307522  0.189982  0.189237   \n",
       "aspiration-turbo   0.218190           0.307522 -0.189982 -0.189237   \n",
       "\n",
       "                   highway-mpg     price  fuel-type-diesel  fuel-type-gas  \\\n",
       "symboling             0.036233 -0.082391         -0.196735       0.196735   \n",
       "normalized-losses    -0.181877  0.133999         -0.101546       0.101546   \n",
       "wheel-base           -0.543304  0.584642          0.307237      -0.307237   \n",
       "length               -0.698142  0.690628          0.211187      -0.211187   \n",
       "width                -0.680635  0.751265          0.244356      -0.244356   \n",
       "height               -0.104812  0.135486          0.281578      -0.281578   \n",
       "curb-weight          -0.794889  0.834415          0.221046      -0.221046   \n",
       "engine-size          -0.679571  0.872335          0.070779      -0.070779   \n",
       "bore                 -0.591390  0.543154          0.054435      -0.054435   \n",
       "stroke               -0.034741  0.082267          0.241033      -0.241033   \n",
       "compression-ratio     0.268465  0.071107          0.985231      -0.985231   \n",
       "peak-rpm             -0.058605 -0.101542         -0.475759       0.475759   \n",
       "city-mpg              0.972044 -0.686571          0.265676      -0.265676   \n",
       "highway-mpg           1.000000 -0.704692          0.198690      -0.198690   \n",
       "price                -0.704692  1.000000          0.110326      -0.110326   \n",
       "fuel-type-diesel      0.198690  0.110326          1.000000      -1.000000   \n",
       "fuel-type-gas        -0.198690 -0.110326         -1.000000       1.000000   \n",
       "aspiration-std        0.241851 -0.179578         -0.408228       0.408228   \n",
       "aspiration-turbo     -0.241851  0.179578          0.408228      -0.408228   \n",
       "\n",
       "                   aspiration-std  aspiration-turbo  \n",
       "symboling                0.054615         -0.054615  \n",
       "normalized-losses        0.006911         -0.006911  \n",
       "wheel-base              -0.256889          0.256889  \n",
       "length                  -0.230085          0.230085  \n",
       "width                   -0.305732          0.305732  \n",
       "height                  -0.090336          0.090336  \n",
       "curb-weight             -0.321955          0.321955  \n",
       "engine-size             -0.110040          0.110040  \n",
       "bore                    -0.227782          0.227782  \n",
       "stroke                  -0.218190          0.218190  \n",
       "compression-ratio       -0.307522          0.307522  \n",
       "peak-rpm                 0.189982         -0.189982  \n",
       "city-mpg                 0.189237         -0.189237  \n",
       "highway-mpg              0.241851         -0.241851  \n",
       "price                   -0.179578          0.179578  \n",
       "fuel-type-diesel        -0.408228          0.408228  \n",
       "fuel-type-gas            0.408228         -0.408228  \n",
       "aspiration-std           1.000000         -1.000000  \n",
       "aspiration-turbo        -1.000000          1.000000  "
      ]
     },
     "execution_count": 10,
     "metadata": {},
     "output_type": "execute_result"
    }
   ],
   "source": [
    "# check which variable has co-relation with Price Target Variable\n",
    "dfAuto.corr()\n",
    "#dfAuto.describe()"
   ]
  },
  {
   "cell_type": "markdown",
   "metadata": {},
   "source": [
    "#### Corelation of independent variable with target variable 'price'\n",
    "    - Continious Variables\n",
    "        - engine-size (+)\n",
    "        - stroke ( + weak)\n",
    "        - highway-mpg (-)\n",
    "        - peak-rpm (- weak)\n",
    "    - Categorical Variables"
   ]
  },
  {
   "cell_type": "code",
   "execution_count": 11,
   "metadata": {},
   "outputs": [
    {
     "data": {
      "text/html": [
       "<div>\n",
       "<style scoped>\n",
       "    .dataframe tbody tr th:only-of-type {\n",
       "        vertical-align: middle;\n",
       "    }\n",
       "\n",
       "    .dataframe tbody tr th {\n",
       "        vertical-align: top;\n",
       "    }\n",
       "\n",
       "    .dataframe thead th {\n",
       "        text-align: right;\n",
       "    }\n",
       "</style>\n",
       "<table border=\"1\" class=\"dataframe\">\n",
       "  <thead>\n",
       "    <tr style=\"text-align: right;\">\n",
       "      <th></th>\n",
       "      <th>engine-size</th>\n",
       "      <th>stroke</th>\n",
       "      <th>highway-mpg</th>\n",
       "      <th>peak-rpm</th>\n",
       "      <th>price</th>\n",
       "    </tr>\n",
       "  </thead>\n",
       "  <tbody>\n",
       "    <tr>\n",
       "      <th>engine-size</th>\n",
       "      <td>1.000000</td>\n",
       "      <td>0.205806</td>\n",
       "      <td>-0.679571</td>\n",
       "      <td>-0.256753</td>\n",
       "      <td>0.872335</td>\n",
       "    </tr>\n",
       "    <tr>\n",
       "      <th>stroke</th>\n",
       "      <td>0.205806</td>\n",
       "      <td>1.000000</td>\n",
       "      <td>-0.034741</td>\n",
       "      <td>-0.063720</td>\n",
       "      <td>0.082267</td>\n",
       "    </tr>\n",
       "    <tr>\n",
       "      <th>highway-mpg</th>\n",
       "      <td>-0.679571</td>\n",
       "      <td>-0.034741</td>\n",
       "      <td>1.000000</td>\n",
       "      <td>-0.058605</td>\n",
       "      <td>-0.704692</td>\n",
       "    </tr>\n",
       "    <tr>\n",
       "      <th>peak-rpm</th>\n",
       "      <td>-0.256753</td>\n",
       "      <td>-0.063720</td>\n",
       "      <td>-0.058605</td>\n",
       "      <td>1.000000</td>\n",
       "      <td>-0.101542</td>\n",
       "    </tr>\n",
       "    <tr>\n",
       "      <th>price</th>\n",
       "      <td>0.872335</td>\n",
       "      <td>0.082267</td>\n",
       "      <td>-0.704692</td>\n",
       "      <td>-0.101542</td>\n",
       "      <td>1.000000</td>\n",
       "    </tr>\n",
       "  </tbody>\n",
       "</table>\n",
       "</div>"
      ],
      "text/plain": [
       "             engine-size    stroke  highway-mpg  peak-rpm     price\n",
       "engine-size     1.000000  0.205806    -0.679571 -0.256753  0.872335\n",
       "stroke          0.205806  1.000000    -0.034741 -0.063720  0.082267\n",
       "highway-mpg    -0.679571 -0.034741     1.000000 -0.058605 -0.704692\n",
       "peak-rpm       -0.256753 -0.063720    -0.058605  1.000000 -0.101542\n",
       "price           0.872335  0.082267    -0.704692 -0.101542  1.000000"
      ]
     },
     "execution_count": 11,
     "metadata": {},
     "output_type": "execute_result"
    }
   ],
   "source": [
    "# Confirming the above relation for Continious Variables\n",
    "dfAuto[['engine-size', 'stroke', 'highway-mpg', 'peak-rpm', 'price']].corr()"
   ]
  },
  {
   "cell_type": "markdown",
   "metadata": {},
   "source": [
    "#### Positive Linear Relationship"
   ]
  },
  {
   "cell_type": "code",
   "execution_count": 21,
   "metadata": {},
   "outputs": [
    {
     "data": {
      "text/plain": [
       "(0, 56059.95365577285)"
      ]
     },
     "execution_count": 21,
     "metadata": {},
     "output_type": "execute_result"
    },
    {
     "data": {
